4258
5328
3891
4291
4528
4855
4840
2939
4094
4058
4339
2655
1294
3694
4091
4146
4728
3491
3055
943
2491
2343
1943
3946
5258
4658
4346
3328
3739
3339
5128
4128
3546
3494
2543
4255
2143
4858
2091
4440
3658
4691
3294
2855
2291
5297
2455
3091
3258
1543
1343
3539
3691
5240
5055
4746
2691
3939
1494
3058
2891
2094
1894
4539
4491
2943
4946
3855
4891
3928
3143
3728
5139
4655
3655
1694
3139
3746
4928
5172
4939
4455
3094
3528
2294
5146
3255
3291
2494
4697
3858
3894
3458
4739
4897
3128
4240
4055
4546
4328
5255
3455
4139
1743
4458
5058
3343
2743
543
5097
2694
5040
4640
2894
743
